439 3666 
328 3778 
403 4182 
262 3955 
377 4106 
375 3711 
426 3801 
337 3896 
401 4642 
375 3696 
317 3464 
699 5283 
404 4279 
496 3635 
329 3481 
380 3190 
378 3399 
376 3754 
331 3212 
370 3852 
348 3840 
472 3895 
414 3911 
371 3238 
498 4711 
273 3666 
365 3236 
372 3726 
368 3711 
293 3931 
308 4169 
305 3853 
295 4476 
261 4093 
301 3614 
362 4724 
265 3761 
359 3528 
232 4469 
403 3805 
370 3727 
467 4753 
368 3721 
243 3588 
388 3771 
317 3853 
337 3878 
581 6003 
212 3290 
346 4101 
