882 13056 
749 12324 
572 12792 
671 16628 
628 12155 
749 16926 
662 12642 
587 12116 
612 12553 
694 12241 
609 12536 
601 13048 
846 16300 
634 12263 
632 12058 
734 12325 
693 12088 
786 16445 
747 12339 
667 12250 
585 12250 
860 12385 
585 12471 
665 12452 
579 12011 
744 12728 
658 12839 
636 12677 
853 12357 
804 12671 
703 12682 
622 12602 
679 12496 
731 13784 
634 12696 
631 13087 
587 12850 
594 12473 
625 12427 
647 12399 
747 12879 
607 12870 
642 12259 
734 12700 
624 12440 
609 12518 
578 12950 
621 12645 
610 13535 
598 12531 
