450 4744 
781 6772 
392 4309 
426 4136 
475 5914 
383 4249 
369 4044 
370 4065 
400 3908 
401 4873 
411 4230 
374 4112 
251 4204 
296 4645 
371 4177 
414 4786 
392 4171 
520 4632 
336 4498 
481 4521 
463 4578 
418 5352 
317 5025 
463 4595 
492 4959 
620 5895 
439 5073 
418 5116 
403 4660 
421 4569 
438 5108 
489 4850 
432 4551 
403 5091 
376 4720 
410 4714 
548 6427 
365 4458 
386 4631 
305 4406 
441 4730 
363 4718 
634 4583 
497 4634 
402 5113 
259 4695 
459 4862 
417 5019 
364 4661 
421 4747 
388 4917 
