682 2686 
486 2730 
466 2799 
503 2690 
547 2697 
450 2874 
609 2750 
439 2765 
531 2686 
477 2755 
492 2726 
520 2728 
448 2692 
518 2790 
472 2642 
512 2699 
393 2891 
531 2655 
390 2710 
384 2812 
539 2668 
431 2628 
594 2731 
434 2770 
388 2683 
488 2738 
468 2841 
459 2832 
477 2770 
393 2694 
427 2746 
474 2663 
446 2700 
454 2683 
460 2694 
474 2757 
512 2655 
557 2765 
454 2702 
470 2714 
385 2748 
474 2679 
361 2739 
458 2766 
474 2704 
451 2728 
424 2702 
399 2704 
456 2681 
384 2703 
491 2712 
397 2726 
459 2683 
461 2874 
461 2779 
323 2361 
381 2588 
585 2747 
414 2777 
