412 1916 
493 1995 
490 1845 
477 2001 
361 1567 
429 1992 
410 1853 
476 1892 
501 1754 
350 1789 
418 1839 
514 1965 
488 1861 
415 1866 
283 1912 
450 1895 
339 1853 
466 1893 
436 1853 
461 1636 
614 1899 
882 1882 
570 1859 
1786 2857 
798 1844 
883 1994 
457 1682 
540 1770 
406 1753 
543 1576 
660 1906 
430 1848 
1214 1786 
995 1917 
789 1831 
376 2003 
487 1883 
368 1817 
375 1846 
915 1923 
866 1999 
995 1933 
1063 1684 
679 1899 
757 1910 
793 1919 
1073 1842 
782 1925 
474 2019 
426 1801 
572 1751 
