461 4022 
578 4064 
516 3980 
520 3946 
515 4073 
537 3990 
501 3968 
516 4056 
665 4039 
530 4102 
456 4002 
525 4024 
534 4135 
428 4009 
549 3976 
644 4029 
446 4000 
474 3872 
486 3956 
562 4017 
445 3980 
552 3963 
492 4097 
505 4096 
592 4153 
576 3931 
414 4098 
523 4099 
496 4049 
484 4036 
540 3998 
563 4010 
542 3944 
503 3882 
519 4024 
523 4126 
537 4015 
474 4031 
476 3866 
468 3993 
469 3889 
472 4053 
530 3969 
541 4010 
468 3902 
527 4086 
502 4084 
543 4054 
529 4099 
486 3991 
379 3490 
426 3984 
707 4734 
459 3967 
503 4049 
404 3671 
