509 9980 
622 9810 
572 9766 
591 9584 
556 10586 
489 12050 
596 9570 
574 9449 
800 9538 
528 9914 
567 9391 
501 9646 
552 9627 
554 9657 
577 9531 
558 9864 
656 9630 
680 9617 
601 9570 
554 9395 
682 9542 
709 9524 
780 9921 
809 9996 
727 10226 
839 9720 
729 9991 
1108 10833 
783 9720 
937 9938 
875 9693 
889 10375 
1559 9631 
1192 9464 
874 9877 
965 12142 
1226 12467 
871 9843 
585 10647 
743 9628 
619 9659 
632 9408 
673 9797 
702 9862 
682 9739 
682 10145 
606 9728 
655 9387 
591 9597 
636 9679 
519 9709 
700 9556 
616 9477 
