421 7370 
450 7437 
530 7399 
439 7805 
483 7848 
472 7337 
445 7546 
472 7220 
490 7733 
499 7187 
501 8556 
485 7495 
2098 10745 
495 6935 
506 7752 
627 7365 
647 7692 
480 6962 
497 7991 
558 7806 
1071 9985 
482 7696 
873 9521 
452 7312 
498 7412 
638 8527 
1007 8419 
590 7948 
522 7048 
480 8510 
700 9471 
780 8033 
698 8310 
698 7168 
566 7891 
416 6597 
528 7596 
717 7465 
606 7787 
572 7263 
631 7847 
1105 10427 
642 7943 
672 7610 
664 9014 
773 9344 
440 7576 
1279 11717 
1327 10027 
621 7665 
477 8107 
499 7428 