708 9678 
461 6262 
488 6230 
458 6269 
426 6354 
439 6575 
455 6192 
481 6501 
584 6209 
780 6163 
780 6579 
501 5977 
558 6349 
727 6654 
485 6841 
938 6724 
556 6189 
658 6370 
468 6516 
919 6761 
396 6375 
702 6353 
701 6712 
523 6154 
590 6400 
419 6269 
904 6371 
612 6090 
594 6105 
478 6194 
889 6139 
414 6014 
407 6238 
837 6861 
388 6385 
388 6049 
490 6304 
435 6263 
627 6675 
714 6122 
490 6021 
481 6174 
456 6122 
452 6002 
381 6103 
459 5287 
347 5198 
383 5408 
418 5390 
430 5362 
