528 311 411 328 314 
411 300 387 305 334 
337 286 372 299 350 
393 326 387 294 299 
380 264 409 299 380 
390 298 383 289 343 
386 307 401 303 330 
318 318 479 286 358 
395 259 434 270 323 
381 289 379 278 382 
498 317 571 304 538 
394 321 571 304 558 
429 263 535 286 481 
316 281 529 260 470 
285 240 467 250 477 
358 293 522 289 524 
494 336 516 392 513 
385 299 569 303 521 
355 283 519 267 502 
343 297 484 283 470 
358 321 945 371 935 
390 278 834 321 826 
388 278 874 286 829 
406 302 812 320 810 
347 299 850 289 833 
395 318 810 267 773 
406 303 893 304 828 
398 307 850 289 826 
315 295 860 299 861 
387 336 807 318 807 
471 364 1567 384 1577 
443 278 1467 286 1538 
500 318 1460 270 1451 
396 284 1444 272 1429 
406 328 1449 331 1441 
418 337 1451 321 1408 
301 315 1394 267 1332 
390 315 1478 310 1412 
489 318 1539 278 1531 
387 289 1457 273 1473 
584 327 351 301 268 
401 294 328 341 268 
418 298 327 316 220 
415 283 324 288 201 
441 297 358 305 232 
395 329 312 289 217 
412 278 331 270 232 
428 355 348 361 219 
522 310 312 289 195 
449 289 313 294 215 
488 384 415 348 307 
527 315 372 337 238 
529 275 404 260 283 
220 174 226 171 153 
316 286 398 295 224 
466 280 393 260 232 
465 269 356 299 219 
464 272 364 312 235 
476 345 363 269 318 
481 294 378 321 251 
468 289 364 264 287 
528 344 524 314 324 
503 361 524 274 393 
462 280 476 289 374 
524 302 484 302 315 
392 300 491 289 327 
252 181 273 180 178 
366 298 452 290 301 
441 337 444 358 331 
385 255 470 283 344 
436 313 420 318 323 
545 314 632 334 495 
314 170 348 155 279 
267 175 325 210 235 
475 280 570 269 481 
479 292 569 265 470 
460 320 497 283 358 
406 304 615 269 473 
352 260 521 240 379 
513 281 582 272 505 
412 352 543 361 441 
508 300 842 291 782 
465 300 783 283 679 
483 312 776 296 669 
458 358 765 316 676 
422 289 756 270 713 
487 264 748 283 687 
506 277 733 285 616 
248 242 560 228 578 
369 297 791 265 681 
468 328 1363 331 1481 
535 310 1264 308 1109 
513 310 1216 300 1103 
447 281 1235 288 1107 
398 278 1228 286 1099 
375 321 1226 273 1100 
527 323 1224 361 1112 
473 291 1232 318 1106 
417 315 1214 270 1069 
503 273 1217 278 1085 
525 310 2311 331 2302 
343 278 1957 255 1935 
444 354 2102 300 1967 
463 302 2069 268 1981 
374 286 2048 275 1975 
441 248 1952 247 1962 
449 318 2106 309 2024 
204 197 1240 164 1215 
359 329 1937 298 1948 
401 358 2064 289 2087 
498 304 4163 341 8944 
376 324 3594 272 8952 
486 280 3934 291 9384 
582 356 3926 329 10373 
417 326 3828 363 8606 
449 331 3915 267 9716 
444 318 3886 339 9358 
452 300 3864 297 10261 
409 352 3889 334 8957 
481 280 3930 286 10566 
625 351 8162 307 16375 
377 258 6936 296 16763 
409 255 6959 269 16987 
427 333 6947 307 17913 
492 350 7401 318 17299 
403 315 6991 272 17306 
416 278 6990 316 18984 
395 336 7490 313 18632 
396 304 7559 289 17366 
392 278 6996 266 27615 
421 331 15697 364 41733 
415 294 13591 284 41147 
489 326 14610 348 70285 
315 329 13620 289 48790 
381 361 13775 329 49134 
496 286 13500 250 54540 
419 316 13646 323 51839 
449 409 14700 337 50685 
407 295 13625 330 48143 
493 260 13511 326 40258 
672 338 32438 301 116666 
412 316 29659 361 97651 
496 278 28342 306 105115 
464 350 29428 318 85260 
561 327 29276 294 96861 
406 298 28495 326 103760 
484 320 28758 318 101887 
348 345 29578 369 85306 
516 360 30313 324 95722 
410 278 28804 295 98979 
465 321 59450 304 211516 
578 393 68714 390 224562 
455 331 59689 323 199429 
494 313 58696 339 193639 
581 320 56846 275 210137 
639 379 61213 382 218246 
564 315 56880 323 215693 
529 379 55841 372 228396 
452 364 64082 323 227720 
581 330 56376 293 199787 
673 343 141018 331 459542 
463 276 114505 279 386731 
532 313 130330 303 415104 
538 336 119057 283 381557 
481 306 120342 263 317937 
452 308 146479 258 330427 
424 479 131355 368 369931 
459 285 120823 296 416814 
470 289 123340 269 342434 
435 347 117153 309 321313 
551 349 257746 315 848794 
522 353 232315 304 619741 
470 327 231973 280 702611 
458 306 219292 330 601753 
499 278 218104 276 568774 
487 347 231517 307 736230 
446 317 232938 241 621445 
489 354 221024 272 574230 
370 314 232334 300 597466 
443 278 221048 279 572771 
544 284 434777 291 1519023 
503 276 406513 296 1097864 
389 222 380444 222 992370 
463 303 399878 264 1056677 
443 268 383745 271 1298629 
426 288 406310 245 1042484 
481 292 388159 253 994923 
525 289 434954 249 1045197 
501 266 410094 330 1026488 
498 281 400555 232 1004066 
459 226 697566 217 2352186 
349 244 685153 249 1940440 
355 244 659110 211 1691630 
333 297 696499 186 1776277 
372 219 677211 246 1695662 
413 206 663050 224 1709521 
395 247 822952 270 2205729 
426 225 656177 250 1893033 
417 224 670701 215 1693525 
312 215 665800 179 1696818 
332 220 1249364 213 3574340 
432 202 1239851 195 3634716 
366 215 1250818 162 2770357 
335 222 1257430 213 3677950 
306 200 1242127 208 3399143 
392 211 1247273 200 2987230 
364 186 1237830 204 2752022 
368 224 1242174 194 3555072 
432 496 1284598 199 3385633 
305 203 1245469 197 3553364 
888 306 2636627 233 6184035 
702 299 2658693 235 6221962 
695 299 2636817 197 6157646 
668 279 2629019 246 6160985 
806 288 2647819 264 6204199 
736 295 2625096 204 6237053 
543 505 2667914 246 6188465 
930 363 2644606 202 6682964 
536 538 2615486 197 6711163 
431 315 3133711 226 6853469 
1441 474 8171086 527 14057088 
756 421 7742204 408 13012877 
1115 423 7797357 407 13016179 
1033 334 7806170 328 12930231 
1071 421 7827585 368 13584173 
1562 350 6977208 365 11486059 
1057 388 7388176 242 12006032 
1132 481 7720826 381 13431891 
991 486 7713098 386 12945016 
1102 534 7771196 405 12946682 
1140 778 13907721 521 22437271 
1099 432 13891073 364 22035600 
1118 481 13844102 372 22380457 
988 505 14008195 515 22012210 
829 386 14044066 366 21946149 
1060 489 13884455 449 22402912 
1094 376 13890528 354 22304662 
823 500 14095725 874 30939602 
820 427 13871331 289 22460573 
672 318 13897839 345 22410450 
604 438 27835958 364 44620943 
1022 493 27654936 298 44178031 
1095 373 27779171 279 43594443 
855 376 27927051 297 43948530 
1156 285 27767518 311 43662980 
1100 394 28138844 409 44129105 
930 299 28015135 342 43974790 
941 370 27766649 294 44119727 
839 369 -971359517 253 43847767 
918 720 27706348 212 43537738 
