10535 2974 10701 434 551 454
21429 2595 8794 438 543 406
10044 2743 10192 427 588 414
8542 2494 8425 377 572 404
7878 2285 7704 390 567 372
8451 2342 8064 434 556 454
8617 2390 8344 436 628 415
8127 2323 7810 383 532 390
8922 2430 8719 398 534 438
8841 2486 8574 438 548 478
10631 3017 10784 441 595 698
9765 2889 10196 383 553 713
9980 2745 10191 461 551 678
8595 2397 8687 413 508 588
8545 2399 8550 431 516 644
8594 2400 8417 430 567 564
8324 2425 8374 381 516 536
7641 2737 7855 391 504 591
8377 14826 8676 441 567 627
8810 2464 8411 391 574 595
7746 2182 9332 339 8013 992
8636 2486 9050 465 508 1131
8878 2676 8900 407 582 1176
8465 2468 9315 396 561 1131
8346 2391 9010 396 508 1179
8452 2542 9080 419 593 1163
8444 2523 9234 390 548 1200
9900 2359 8869 420 556 1128
8522 2269 9010 412 559 1120
8368 2507 9117 398 556 1094
9928 2967 11180 400 586 1965
8596 2486 9839 433 553 1962
8039 2295 9288 413 472 1847
8574 2432 9972 398 522 2013
8681 2441 10130 393 577 1901
10186 2884 11774 430 511 1946
8772 2566 10141 432 546 1943
8963 2475 10322 384 535 1924
8914 2443 10053 433 508 1929
8457 2326 9692 388 501 1804
7872 2221 10226 319 394 2869
8938 2568 11678 432 537 3722
8920 2400 11584 441 510 3820
10224 2479 12199 401 561 3758
8738 2532 11614 407 539 3721
8548 2547 11691 406 551 3756
8785 2400 11659 441 515 3721
5605 1668 6991 250 311 2201
8242 2291 10857 401 513 3459
8689 2397 11432 406 615 3718
10605 2920 14430 458 591 415
6371 1715 7798 271 301 230
9978 3068 14003 459 599 420
9004 2357 12231 424 556 380
8382 2497 11611 436 527 371
8270 2583 11613 467 543 382
8762 2446 11498 469 556 358
8804 2517 12496 449 556 380
8554 2339 11681 447 550 396
8363 2432 11678 455 537 377
10514 2823 14634 528 605 461
9758 2437 11760 456 527 454
8855 2448 11865 441 582 15559
9091 2666 12309 498 595 498
7684 2307 10370 405 477 437
10509 3114 13858 447 550 457
8497 2512 12196 449 572 414
9141 2512 13727 460 518 413
8516 2466 11611 455 523 465
9010 2569 12399 443 553 462
10217 3064 14811 438 555 675
8645 2470 12520 489 553 606
8224 2234 11211 424 516 581
8580 2394 12060 484 527 609
8716 2451 11838 473 553 602
8668 2417 11712 522 550 642
9970 2502 12126 457 572 670
8842 2371 11750 455 574 610
8473 2311 11905 455 548 661
8601 2525 12028 436 537 607
11126 3034 15539 478 575 1006
8673 2571 12183 516 556 941
8261 2501 12440 452 513 959
8347 2374 12378 417 585 916
8062 2286 11796 441 527 956
8121 2337 11564 410 489 853
8483 2606 12257 467 561 941
8470 2492 12132 500 548 901
8694 2520 12539 481 548 965
8475 2563 12183 426 580 960
11039 2910 16478 524 598 1758
9960 2591 14488 407 553 1489
8637 2651 13116 446 564 1563
8815 2513 13167 449 534 1572
9024 2420 13655 471 564 1564
8719 2365 12939 435 548 1540
8438 2572 13075 428 555 1580
8345 2454 21813 468 535 1631
8930 2403 12885 434 540 1585
8725 2609 12952 424 588 1572
10101 2796 17063 491 562 2993
8657 2544 14466 460 503 2759
8719 2515 14717 425 553 2794
8552 2714 14176 473 524 2826
8908 2446 14336 441 535 2699
10176 2876 17007 443 545 2804
8578 2406 14548 428 561 2823
8094 2165 13668 426 515 2615
8617 2502 15326 479 561 2866
8675 2502 14073 478 532 2828
10695 3104 20347 441 655 5780
8268 2406 15892 458 495 4898
8810 2455 16786 439 515 5356
8456 2234 16543 511 595 5252
9007 2494 16694 441 569 5316
8872 2750 16824 404 536 5365
10649 2876 18884 455 561 5404
9050 2606 17649 478 531 5343
8863 2326 17329 438 524 5230
8783 2451 16799 438 582 5263
10524 3040 29933 599 601 11283
9365 2457 26052 438 498 9756
8751 2422 27386 467 516 10518
9869 2643 28463 438 498 9673
8817 2456 27057 432 569 10510
8574 2619 27664 455 553 10630
9451 2587 27332 503 553 10430
8254 2359 25247 456 519 9737
8199 2389 26452 378 530 9745
8367 2305 25542 409 515 9731
10969 3251 58873 521 558 22248
9797 2695 47519 430 524 18982
8360 2360 50360 443 558 19164
7999 2572 45198 395 514 19070
8397 2316 47704 461 551 19030
9367 2787 44134 427 530 18984
8663 2413 51103 535 532 20601
9666 2282 46945 476 499 19041
8099 2348 43412 421 518 19096
9044 2658 48799 492 588 20517
10477 2927 110944 475 588 44559
8490 2486 93779 620 620 41947
10154 2540 97251 508 577 41632
5766 1717 69502 364 441 26029
8239 2261 107520 593 593 38555
7995 2377 91554 461 567 38509
8717 2408 93030 444 521 41977
8090 2395 89590 443 492 39045
8209 2363 104581 421 524 38633
8379 2129 88955 457 541 39033
9900 2795 197761 481 625 81231
8228 2326 178255 644 547 75600
9498 2498 175712 635 613 75723
8445 2371 181058 582 602 75726
8469 2147 180828 510 570 75810
8957 2510 190672 553 609 81961
8402 2288 175259 535 539 75618
8374 2360 179739 553 541 75611
8353 2342 179362 487 573 75203
8505 2403 171696 530 547 75426
10624 2764 389599 575 548 164553
8302 2539 317847 508 543 142605
9735 2455 314327 501 532 152054
8379 2277 324833 588 544 142202
7811 2252 317287 595 546 142298
8363 2357 384549 498 536 152604
8370 2255 320504 538 538 152306
8467 2348 329040 478 536 165249
7936 2118 287077 564 483 154617
8389 2329 346106 582 550 169984
10003 2694 832057 605 551 343033
8274 2203 624399 606 484 301321
7701 2253 631312 575 544 321862
7510 2115 616622 663 486 301632
8736 2106 615225 567 474 301492
9097 2156 632221 595 550 320539
7644 2280 633321 544 501 320237
9532 2182 605188 511 486 300202
7626 2271 657140 514 551 321242
7894 2135 622389 565 469 301667
8708 2431 1387990 575 474 607532
8099 1972 1111760 472 484 584728
7179 2154 1180808 553 439 565893
6892 1969 1130357 575 453 566186
6584 1822 1055718 472 452 545439
8059 2274 1201504 466 490 573659
6915 1903 1137297 519 441 565752
6771 2054 1135655 468 470 565981
6986 1875 1128801 482 456 581013
7941 2398 1182078 466 452 563163
7859 2063 2290102 543 387 975942
6850 1706 1843442 507 415 930135
5742 1562 1803737 405 355 924954
7239 1628 2152586 461 384 975488
6023 1818 1834572 550 403 930760
5838 1541 1827080 521 369 929096
6588 2380 2074591 548 392 931193
5972 1657 1842630 468 357 926895
5595 1638 1883333 431 373 976976
6122 1875 2085810 465 397 974308
7193 2311 4333087 711 510 1787052
5864 1736 3643066 403 474 1780298
5300 1487 3631643 445 361 1797784
5402 1474 3583612 373 343 1783654
5101 1427 3557115 386 362 1792030
5464 1457 3560783 444 353 1785823
6129 1839 4154176 428 352 1782609
5105 1505 3568180 425 354 1780901
5334 1390 3562766 386 381 1781814
5728 1509 3569563 379 368 1779855
7918 2342 8116092 423 352 3613405
9185 1846 8106967 574 359 3596214
7424 2664 7797357 500 355 3612307
9772 2679 7919993 597 377 3612550
6157 2083 7629807 505 341 3607608
7523 2214 8118082 426 354 3616820
6564 2162 7672920 691 349 3599950
7027 3064 7754772 815 399 3607539
6414 1759 7869868 526 376 3597652
7607 2262 8073187 406 339 3609891
9622 2985 14620020 1303 585 8401861
8928 3792 14472458 1327 461 8420025
9566 3194 14469406 1356 567 8421911
9773 3233 14523246 1239 796 8429859
8882 3144 14458149 1638 469 8406783
8312 3319 14523898 1481 510 8433968
10623 3559 14540104 981 775 8404693
10233 3636 14562924 1139 685 8421922
9542 3530 14574945 1101 665 8415370
10159 3024 -985414022 1205 554 8453940
9801 2710 24053284 1157 502 14920156
9514 2939 23642688 1165 424 14986726
9698 3498 23598965 1416 436 14922029
9537 2938 23831326 1191 438 15130843
9599 3387 23592560 1207 721 14940057
9856 3117 -976383048 1556 517 14961118
10491 3007 23598150 1200 574 14922630
9917 3072 23638665 1501 641 14971834
9084 2788 23636315 1465 529 14929311
10027 3873 26338442 1715 778 17536921
10197 2945 45095113 1072 710 29752233
10867 4913 50638284 1351 620 35743819
10593 3481 45068780 1322 611 29838707
11182 3306 45065084 1099 605 29840283
11051 3754 45049309 1528 465 29737211
10219 3650 45101594 1590 476 29845654
12462 3788 45133028 1155 480 29751915
10588 3461 45109167 1189 520 29799252
10692 3657 44996385 1037 519 29796049
10348 4054 45002155 1180 528 29766257
