11777 3364 11063 652 1059 642
9032 3205 8703 585 976 593
8660 2881 8596 582 979 644
8646 2970 8703 673 965 610
8855 2868 8435 661 965 593
8753 2769 8342 585 959 589
9391 3144 9041 668 1060 695
8829 2852 8372 639 981 609
10748 3322 10582 633 973 660
9262 2839 8722 612 956 610
10531 3388 11259 668 1056 1196
8663 3115 8750 626 983 1096
8443 2932 9079 581 962 1031
9152 2849 9021 585 976 1040
8881 2689 8837 564 983 1154
8849 3076 8820 596 978 1195
10702 3274 10847 593 965 1112
9187 2926 9379 645 980 1125
9104 2852 9531 628 956 1108
8975 3050 8892 589 954 1085
10435 3746 11363 689 1039 1517
8707 3021 9475 615 983 1332
8542 2993 9342 617 962 1305
9590 2828 9517 592 957 1355
8874 2859 9301 612 989 1297
8722 2926 9093 583 989 1297
8842 3042 9376 572 1042 1313
8885 2949 9357 593 999 1311
10545 3356 11478 572 978 1331
9258 2876 9678 613 990 1349
11186 3481 12749 652 1119 2880
8834 2927 11036 626 985 2678
8767 2796 10847 564 953 2665
9651 2977 10777 628 976 2643
8834 3041 10502 590 968 2654
18587 3055 11763 639 987 2661
8748 2907 10748 569 981 2657
8911 3025 10922 623 994 2654
8130 2766 9862 613 911 2474
8580 2852 10827 599 979 2657
10865 3571 15994 628 1035 5724
8427 2952 12998 588 929 4817
10114 3296 14442 609 989 5161
8888 2924 13680 607 994 17925
9104 2919 13634 654 987 5193
8815 3090 13614 610 995 5157
8751 2932 13575 615 960 5201
8727 3118 13375 591 959 5167
9834 2956 13313 612 976 5161
8652 2898 13503 604 994 5177
11105 3455 21967 651 1056 11557
8671 3137 18831 617 965 10579
9015 2951 19034 657 978 10582
8948 2937 19001 601 981 10667
9847 3090 19784 649 994 10579
9152 2987 19149 625 1008 10630
8337 2672 16715 540 864 9192
8874 2881 18720 622 970 10614
8978 3063 18509 674 973 10602
9427 3151 19472 596 1003 10619
10557 3745 14610 741 1092 582
9018 2954 11787 730 1031 524
8620 2943 11768 650 976 498
9903 2897 11857 641 952 510
8654 2817 11971 649 1016 519
8716 2867 11796 620 980 561
8179 2552 11095 618 905 530
9144 3063 12781 652 974 513
8978 2935 12349 663 981 524
8912 2822 12093 671 962 532
10494 3568 14875 748 1099 872
9160 2892 12380 679 973 796
8801 2841 11859 650 999 797
8638 2895 12166 668 978 802
9766 2992 12471 654 989 793
8987 2815 12099 665 976 807
8692 2972 11977 719 976 797
8876 2929 12127 712 981 794
8901 2881 12260 663 988 823
8772 2818 12242 634 977 816
10117 3173 14393 728 1059 1260
10306 2961 12936 693 978 1184
8823 2860 12471 660 1034 1160
8694 2943 12496 745 992 1144
8708 2899 12440 708 979 1160
11169 3376 15040 674 973 1088
9270 3216 13418 649 996 1134
8786 2838 12349 649 973 1139
9336 2942 12944 660 976 1150
22644 3119 12563 641 978 1101
10444 3368 16177 728 1062 2032
9034 2892 13380 623 981 1876
8870 2935 13445 684 967 1858
9125 2983 13317 694 963 1871
10135 3219 14774 636 912 1730
9067 2849 13282 676 994 1908
9021 3143 13194 645 956 1844
9530 2778 12790 636 890 1744
9014 2887 13207 684 980 1844
9058 2822 13199 668 952 1892
10952 3588 18353 721 1035 3702
9737 3113 16062 652 917 3156
23089 2552 14438 599 893 3158
9403 2863 15387 705 968 3391
8826 2990 15529 663 963 3453
9365 2906 14888 666 968 3421
9238 2975 16140 647 957 3403
9144 3084 15219 647 971 3479
9636 2916 15414 695 979 3445
8833 2919 15166 711 997 3448
12251 3856 22562 746 1039 7186
8935 3090 18569 689 1003 6653
9273 3042 18672 698 986 6682
11226 2774 18507 694 952 6615
8609 2871 18028 669 973 6749
10438 3422 20314 670 982 6687
9041 2812 19448 692 976 6690
8965 2932 32200 663 978 6776
9510 2938 19239 685 991 6676
8534 2841 17475 598 907 6166
10457 3521 28713 721 1079 13692
10090 3067 25202 645 946 11750
8681 2790 24815 713 979 12604
9390 3058 24442 601 888 11768
9576 2947 23880 587 902 11718
9109 2876 24519 703 1002 12670
8439 2683 22873 615 945 11758
8568 3010 23105 611 899 11731
8737 2964 23350 616 907 11767
8837 2803 23614 627 905 11732
10277 3109 48959 676 986 26290
8978 2927 44920 651 1025 26175
8428 2846 42014 608 966 24159
9133 2959 42971 670 907 24411
9149 2892 45518 676 995 26160
9110 3047 45134 665 976 26218
10167 2892 46195 662 962 26245
8431 2815 44234 612 914 24271
8176 2810 43927 641 934 23958
8672 2918 43388 716 910 24448
12659 3454 97058 816 1083 54469
9213 3087 97425 794 1019 50156
8961 2818 94370 791 951 46485
9044 2886 91745 685 986 50124
9349 2978 89751 762 1066 50073
8687 2661 90474 762 933 46660
8834 2910 86296 624 914 46525
9805 2726 82605 605 926 46384
8526 2887 85467 651 910 46791
8476 2757 92434 661 927 46545
11579 3480 205255 772 1011 105080
8680 2646 188857 754 969 96337
8717 2900 198935 733 954 97582
8649 2729 179277 746 966 98906
8247 2755 179027 736 968 97843
8462 2804 199476 807 991 99069
8442 2660 172714 773 965 97735
8646 2795 191655 793 1057 98532
16522 2924 175869 747 939 98505
8714 2912 186503 729 946 97340
10905 3334 392487 914 1088 197691
8462 2801 329037 753 949 195641
8226 2637 320995 771 981 171071
10066 3173 359579 770 1012 194100
8528 2798 313044 756 970 182607
8254 2772 341335 742 931 182917
7918 2550 309941 731 984 170523
8534 2807 310538 733 949 182593
8463 2683 339508 778 906 171200
8396 2695 319349 745 898 170414
9682 3167 735760 796 930 401029
7685 2473 576287 679 902 339615
7583 2503 574814 906 950 334433
7776 2517 614773 704 889 363237
8081 2545 604795 654 852 351261
7722 2578 599729 688 879 369251
9465 2912 643483 748 862 340016
8244 2602 605913 774 837 335651
7873 2429 573882 650 877 340293
8068 2513 577883 697 832 350317
8422 2484 1483459 790 846 836575
12546 2307 1257289 791 807 787736
7554 2546 1274518 818 831 787483
8179 2294 1222660 668 821 803102
7237 2273 1235597 746 782 771453
6940 2415 1232165 693 818 792767
7275 2256 1215982 753 815 806639
9045 2703 1277020 670 826 785872
7403 2372 1238137 654 795 777992
7357 2445 1280126 757 779 784390
9025 2413 2454582 695 664 1349469
5721 1904 1995912 663 660 1273291
5917 1928 2038358 734 658 1283891
5948 1814 2053534 591 691 1335262
5827 1862 1981603 581 658 1279841
5816 1902 2054774 614 680 1350978
6807 2629 2233923 586 687 1348587
5755 1862 1987706 684 638 1277011
5859 1893 2024098 643 636 1279919
6936 2011 2058032 612 740 1334006
6335 1955 4441824 521 616 2424339
5344 1823 3949614 557 616 2438553
6036 1908 4199372 553 641 2433910
5240 1780 3777275 528 675 2439436
6856 1782 3773230 554 616 2445996
7001 2331 4431788 557 605 2439774
5613 1751 3813724 549 600 2436602
6473 1776 4199286 532 623 2441672
5308 1746 3975852 550 663 2437637
5493 1737 4675406 544 616 2442714
13487 2874 9053227 946 685 4918267
6996 2684 8655141 563 610 4941665
7222 2560 8605628 667 630 4928956
7278 3572 8569193 539 616 4945839
6692 2282 8573997 620 618 4934058
7373 3323 8948705 545 603 4934909
6701 2506 8603912 547 609 4936723
7359 2508 8570992 858 724 4925030
7675 2486 8574414 760 736 4934406
8283 2449 9049671 557 627 4943298
13847 5573 17672109 1448 1077 11223615
10865 3802 16869925 1438 941 11140935
10375 4024 17593814 1338 1125 11154639
10645 4182 17534973 1187 909 11175583
11686 3854 15467151 1337 765 9801283
10863 4381 17547645 1543 1090 11138830
10519 4465 16371996 1226 915 11155155
10368 3906 17618229 1292 928 11140931
10812 3858 17549100 1380 944 11171219
9451 3677 17682030 1248 817 11164959
10083 3700 28256318 1229 744 19884203
9937 3406 27950019 1341 729 19847373
10293 3837 27972824 1561 840 19867247
11570 4500 28597209 1861 926 20792141
10829 4049 28665026 1392 843 19855361
10627 4045 27992519 1887 954 -980139039
12836 3832 27996031 1677 965 19850110
10711 4352 27903033 1109 817 19855850
12379 4133 27954750 1397 863 19859613
11709 3738 27998614 1456 814 19853990
11361 4068 52955010 1432 847 39418388
11391 3875 53600758 1361 723 -960366151
13528 4810 53042038 1724 1214 39520721
9157 3090 52910904 1132 721 39548185
9664 3286 53591101 1174 725 39539151
9722 3704 53044347 1394 600 39560191
9748 3166 53693722 1182 670 39514787
11739 3875 52964318 1522 652 39517083
9525 3423 52954578 1202 740 39480815
9279 3391 53011381 1334 674 39515952
