471 385 471 364 384 
378 317 513 347 366 
479 340 447 398 438 
302 354 496 343 502 
417 329 441 324 438 
449 336 417 310 449 
401 329 379 368 388 
323 335 407 386 426 
435 360 478 390 473 
377 337 516 342 435 
289 231 374 201 359 
443 339 649 390 580 
409 335 614 395 570 
494 347 610 297 534 
375 332 602 334 593 
421 351 577 382 561 
301 307 533 312 528 
476 382 679 377 604 
409 335 568 329 591 
261 211 354 210 370 
594 384 962 384 939 
433 341 880 350 901 
443 347 861 423 863 
441 332 874 327 884 
543 339 901 345 880 
447 342 944 361 882 
444 339 942 401 888 
267 197 528 224 534 
378 311 807 316 807 
433 358 879 366 896 
358 332 1470 337 1515 
463 342 1492 340 1472 
382 344 1463 377 1475 
476 337 1467 358 1462 
427 384 1506 292 1546 
433 339 1483 364 1478 
374 334 1505 308 1501 
457 332 1467 352 1502 
436 334 1470 326 1430 
375 347 1467 326 1419 
498 365 325 360 210 
505 356 324 339 195 
461 332 299 339 257 
524 371 360 351 224 
499 332 294 342 201 
389 316 278 338 189 
422 334 351 337 224 
427 361 278 372 186 
555 368 320 357 248 
435 376 273 379 163 
537 408 344 421 254 
430 369 367 342 248 
426 377 326 378 230 
492 339 339 358 241 
488 358 356 361 260 
438 393 369 361 251 
430 340 324 358 206 
494 335 353 308 209 
373 313 329 337 227 
476 329 347 337 287 
473 361 438 382 290 
481 327 392 313 281 
465 347 406 318 332 
415 334 390 332 294 
513 339 450 366 294 
508 391 364 313 294 
506 333 391 340 281 
497 345 368 374 281 
414 345 424 331 299 
461 334 409 331 295 
585 464 538 387 438 
465 372 530 347 383 
363 355 506 342 404 
486 352 561 326 430 
481 342 516 334 388 
452 342 484 298 406 
409 350 545 304 366 
495 384 518 342 398 
387 335 488 369 361 
487 398 484 373 370 
548 371 742 377 649 
466 353 701 318 622 
481 334 708 329 628 
427 350 693 340 630 
438 332 711 369 616 
476 350 721 310 633 
479 350 692 331 665 
441 341 728 331 620 
462 335 699 360 617 
540 353 709 350 601 
385 290 893 256 835 
494 346 1135 455 1045 
481 337 1117 334 1074 
431 339 1160 329 1082 
444 404 1229 417 1180 
425 370 1126 385 1090 
452 342 1133 332 1096 
465 342 1157 334 1091 
588 394 1236 384 1186 
404 382 1150 326 1083 
548 380 2281 344 2302 
486 378 2132 388 2055 
436 337 2119 376 2039 
454 358 2115 350 2031 
382 342 2088 342 2021 
398 335 2072 337 2023 
513 332 2093 339 2053 
424 341 2091 329 2002 
478 401 2096 337 2040 
462 366 2122 337 2039 
545 371 4610 441 4738 
403 339 4226 361 4389 
487 329 4201 340 4348 
492 395 4285 401 4359 
444 366 4061 332 4049 
336 337 4351 329 4386 
455 387 4419 364 4375 
462 351 4340 342 4447 
460 387 4282 404 5004 
460 342 4367 347 4565 
561 377 10464 431 15175 
433 375 9731 375 15754 
454 335 9670 395 13974 
505 361 9542 358 15369 
516 388 9604 417 15636 
496 354 9590 388 14548 
534 384 9588 409 15697 
454 341 9665 377 15369 
473 374 9591 343 15181 
599 427 9734 390 15401 
484 380 20691 424 35358 
481 366 19019 358 32747 
513 369 18921 313 32448 
460 335 19204 312 33162 
463 396 19402 463 34059 
458 363 19253 399 32962 
535 404 19215 398 33668 
412 476 18973 350 32550 
297 221 11710 215 23791 
342 361 19061 358 33156 
431 415 44733 363 71084 
510 390 33322 364 70171 
527 355 38687 338 67849 
559 395 36078 380 72533 
461 386 33312 384 79015 
466 352 33752 396 68922 
561 390 35564 332 72399 
450 407 33688 429 67242 
415 374 40141 403 72817 
441 372 35652 324 72052 
476 385 80672 342 167579 
464 378 74709 312 159972 
516 418 74921 397 159796 
461 392 74418 358 160179 
458 394 74712 394 143634 
537 351 80696 377 164016 
529 412 89664 390 176321 
433 418 74140 375 145699 
504 373 81468 370 139427 
447 423 75352 378 159809 
587 391 126200 398 286537 
493 361 118096 398 272673 
561 338 118328 338 311432 
483 336 109127 288 256751 
519 401 110207 337 249926 
500 327 118097 310 292725 
563 354 110415 301 290387 
498 332 118411 331 276152 
501 387 116108 484 273988 
356 373 116736 351 300388 
487 375 242852 360 562466 
533 338 228137 316 534768 
497 309 226000 350 528597 
484 323 212621 291 537702 
451 308 211569 260 549687 
465 347 227746 312 532513 
349 315 218477 347 471746 
575 314 226668 358 533265 
443 323 226704 349 528470 
401 330 226120 316 503188 
418 324 422883 316 978755 
403 276 401132 250 883246 
434 299 405515 333 880843 
430 276 400709 247 885725 
338 283 404890 283 934339 
477 347 405537 292 1082975 
357 279 382179 335 981674 
503 280 406341 278 885791 
474 327 399541 321 890356 
432 385 401093 313 934869 
399 255 649063 250 1661910 
407 273 688218 261 1865281 
357 254 682071 255 1521704 
415 279 690105 215 1455002 
383 228 646660 271 1454212 
251 239 680013 240 1521419 
370 268 685697 252 1618462 
413 256 672534 225 1866951 
390 256 683227 252 1514124 
424 268 647208 264 1862153 
412 254 1243820 217 3604192 
244 239 1247893 213 3131624 
352 235 1250991 211 2950542 
330 230 1242293 217 3107596 
312 229 1235874 209 -996881380 
358 222 1243911 241 3588363 
265 258 1243333 231 2878736 
361 266 1239192 268 2873561 
336 215 1248853 216 2972777 
349 219 1246553 197 2875707 
610 371 2547228 206 5864349 
351 255 2524414 223 5751045 
472 268 2525458 250 5704236 
224 222 2520756 244 5665545 
392 228 2522362 259 5690007 
414 259 2523782 277 5858556 
202 204 2513271 209 5649606 
226 244 2520175 259 5639555 
404 230 2525890 219 5807092 
361 217 2524671 225 5842182 
647 279 6412730 398 11061724 
820 550 6465823 282 11041414 
1055 413 6344895 598 11130077 
528 387 6340535 390 11072349 
680 463 6293565 388 10944663 
1022 364 6341279 576 11035460 
964 370 6313905 447 10998008 
866 465 6383528 382 10994642 
740 340 6354557 399 11032535 
712 494 6361047 368 11021566 
883 332 11795063 313 19035243 
752 332 11851721 510 19172738 
413 495 11794136 423 19057207 
561 341 11800192 593 19084455 
836 360 11810616 334 18996409 
878 354 11782059 741 19110530 
848 427 11920600 343 19121970 
703 354 11729659 346 19151955 
659 614 11811393 348 19019118 
922 381 11760664 423 19030145 
1014 402 24805509 267 37503254 
804 344 24817399 346 37507940 
828 368 25000366 350 37690238 
1082 346 24812936 340 37762782 
834 357 24743176 255 37461989 
898 388 24804027 392 37905378 
929 354 24820413 349 37661491 
1237 387 24860011 359 37562542 
920 351 24771025 745 37559170 
1001 477 24956657 328 37635239 
