609 598 435 582 411 
456 545 415 529 399 
291 330 293 363 324 
503 516 423 550 380 
492 548 484 518 404 
463 548 432 545 444 
576 566 452 567 8500 
585 543 452 542 447 
510 585 401 535 363 
500 558 401 519 369 
608 571 715 571 655 
470 528 567 529 535 
601 588 668 588 561  
494 527 662 519 628 
476 503 662 663 585 
539 530 658 509 542 
524 539 741 527 633 
513 533 564 545 564 
486 574 650 529 615 
430 567 657 533 556 
565 555 1243 574 1202 
587 529 1152 572 1203 
558 543 1111 545 1062 
519 540 1134 524 1112 
457 548 1143 550 1091 
489 564 1190 527 1130 
420 589 1232 578 1154 
553 556 1098 521 1071 
490 548 1128 524 1112 
486 546 1216 561 1104 
611 595 2105 568 10741 
553 567 1989 527 1890 
516 521 1938 521 9965 
484 556 1905 556 1905 
495 545 1962 551 2018 
478 567 1941 567 1857 
452 607 1919 551 1881 
512 512 1799 541 1764 
530 588 1917 530 1896 
484 545 1917 543 1959 
531 578 4013 571 4026 
426 488 3475 484 3451 
539 521 3705 561 3726 
478 545 3715 548 3717 
529 578 3726 521 3725 
492 555 3702 539 3780 
527 569 3721 537 3705 
532 569 3755 583 3734 
524 540 3728 819 3440 
527 551 3788 536 3758 
651 582 461 708 421 
550 521 387 521 267 
533 564 361 593 224 
513 586 423 559 280 
612 548 398 545 249 
553 564 409 558 348 
502 577 379 542 286 
470 559 393 544 257 
518 502 372 536 269 
564 602 358 570 264 
705 582 527 578 361 
596 546 481 524 326 
559 537 420 524 342 
462 582 476 558 332 
527 553 447 523 358 
476 566 409 529 390 
478 534 469 524 331 
484 524 430 554 306 
582 553 457 596 409 
566 490 398 556 378 
635 629 722 591 548 
492 524 676 530 558 
532 573 633 524 496 
484 567 633 599 468 
529 569 596 504 499 
526 515 610 527 460 
459 532 587 527 478 
562 527 620 540 499 
634 505 617 607 484 
580 564 624 574 505 
692 592 1019 598 979 
591 567 948 569 866 
430 513 893 486 851 
530 586 919 546 828 
487 535 948 524 871 
503 498 892 510 780 
576 524 970 524 896 
495 502 873 492 777 
578 556 959 570 877 
578 582 1043 568 925 
628 635 1704 9509 1583 
567 540 1593 519 1406 
494 559 1587 519 1521 
556 518 1486 515 1466 
634 604 1574 598 1532 
478 530 1550 543 1422 
618 540 1558 571 1518 
470 13226 1598 495 1437 
599 541 1572 536 1515 
519 501 1509 501 1478 
628 581 3087 588 2990 
538 551 2799 527 2755 
484 545 2844 596 2838 
598 594 2820 582 3157 
511 574 2831 482 2750 
455 544 2598 521 2549 
537 513 2890 540 2756 
592 501 2661 486 2764 
545 556 2812 513 2574 
534 508 2794 523 2764 
631 595 5887 612 5810 
511 508 5310 541 5298 
687 511 5043 504 4959 
481 530 5324 530 5428 
575 571 5312 577 5383 
564 599 5292 558 5400 
564 558 5292 544 5597 
553 569 5418 570 5415 
639 555 5439 564 5423 
558 545 5407 535 5321 
686 618 11380 685 15576 
524 550 10521 532 15006 
501 478 9728 524 14348 
473 535 10477 553 14912 
556 539 10483 534 14043 
519 518 9909 565 14450 
538 591 10538 524 14316 
510 583 20322 599 15176 
569 544 9648 524 14934 
561 519 10027 497 14087 
695 577 22629 568 41383 
566 547 19388 539 36299 
439 525 19385 550 36530 
547 547 19239 541 37792 
633 538 19500 549 32222 
701 606 20800 561 47330 
544 533 19388 566 36186 
693 510 19646 521 38824 
473 498 19695 492 34262 
510 530 19448 513 35248 
585 578 41509 626 77910 
713 556 41956 572 75524 
824 633 42771 569 92563 
590 484 39222 524 91408 
608 492 39724 558 86512 
574 567 40024 495 86490 
585 645 43463 612 88594 
624 541 39260 544 76852 
619 539 39832 530 87067 
481 679 42523 533 82687 
679 655 82759 601 183204 
587 611 77273 578 174670 
651 624 77151 556 172522 
584 532 77368 536 184947 
621 515 77465 538 175019 
534 604 83165 570 186359 
521 601 77310 498 162269 
628 589 83018 575 184321 
599 611 77754 547 168472 
690 536 93158 511 189687 
706 617 166000 588 391908 
628 519 144830 526 300980 
659 544 144558 525 322374 
575 523 145674 464 336264 
666 511 144850 492 286703 
559 546 144532 547 297966 
588 519 154593 583 291058 
595 522 154731 507 290890 
578 493 155128 503 301557 
613 531 169679 519 302156 
632 590 344448 559 805577 
582 486 304112 431 618695 
539 508 303900 488 615769 
514 459 309597 446 590412 
570 540 319553 517 650878 
506 544 304598 579 647088 
559 544 301867 463 594711 
494 539 321918 559 635471 
468 511 311006 472 588807 
604 477 333741 486 589355 
686 591 612213 584 1376930 
593 486 593953 493 1186734 
559 555 566360 425 1112366 
668 484 573851 467 1118625 
461 481 569217 485 1127110 
597 447 570578 458 1087654 
522 504 575452 457 1115600 
554 439 535816 421 1049800 
530 461 572877 410 1111201 
632 463 578921 428 1223573 
540 445 985270 408 2272465 
508 379 930408 370 1804574 
449 381 976774 339 1894326 
516 374 933237 377 2097206 
494 406 931081 366 1811985 
456 396 927645 372 1804982 
501 432 932877 342 1802744 
476 367 930740 364 2092826 
521 439 933198 359 1804641 
430 386 932375 367 1796116 
455 348 1788491 341 4352430 
496 339 1782003 342 3988420 
456 350 1779600 348 4350622 
490 369 1787545 341 3740677 
455 392 1781969 350 4279304 
442 342 1783753 355 3714673 
476 351 1797552 324 3586055 
509 366 1788765 368 3893326 
443 357 1786746 341 4278999 
392 339 1783631 352 3557917 
650 413 3597153 364 8123288 
481 339 3586675 348 7770061 
716 461 3716009 326 8026807 
299 414 3590273 350 8124063 
604 338 3587344 324 7850816 
421 377 3587287 367 7806518 
554 346 3593716 354 8022507 
415 350 3584369 379 7836550 
536 339 3588361 347 7757047 
371 362 3589489 323 7833167 
2006 420 8407697 410 14806810 
987 468 8448052 506 14777662 
1020 580 8449568 554 14902312 
1250 540 8430285 596 14890372 
1106 585 8421971 471 14837920 
1142 503 8438815 609 14921085 
960 687 8440830 372 14792158 
1622 862 8428039 423 14949366 
1150 679 8388710 543 14847732 
1167 891 8430293 696 14950878 
1154 633 14838863 363 23773269 
1261 533 14969827 720 23988394 
1539 492 15019812 486 23959131 
1040 627 14960329 417 23809714 
1045 620 15033285 466 23843974 
1233 452 15010133 329 23822641 
1105 608 15012307 469 23701368 
1151 607 15016274 599 23784920 
1216 475 15130858 557 23619500 
911 540 14937641 528 23810045 
1446 509 30032206 458 45145035 
1528 674 30976852 388 45552125 
1674 570 29815933 861 45047416 
1369 603 29885381 579 45195194 
1254 500 29833531 481 45133919 
1297 503 29975426 558 45215593 
886 505 29935359 514 46048740 
2085 1153 49906061 641 55750129 
1130 524 29883230 511 45243881 
1427 842 30162007 617 45142240 
