12185 2657 11113 327 324 398
9860 2448 9806 334 278 376
11715 2657 10319 286 304 358
8518 2341 8626 307 337 465
8399 2168 8644 328 337 401
10058 2331 9753 283 332 450
8681 2197 8609 286 275 414
8323 2182 8225 304 334 448
8409 2280 9264 313 304 386
8735 2357 8545 316 313 385
10645 2780 12546 311 278 634
8832 2203 8984 361 289 527
8754 2302 8975 337 299 601
11138 2612 10007 307 268 531
8594 2344 8545 323 281 524
8265 2233 8195 299 321 553
8225 1945 8136 330 254 490
8473 2253 8329 334 284 535
7068 1980 7147 253 228 428
8256 2304 8254 312 275 553
11734 2713 11426 371 331 889
9192 2483 10133 334 292 807
8597 2357 8895 334 335 982
8631 2277 9197 336 283 802
8546 2251 8780 310 302 844
8371 2143 8880 353 275 805
8809 2476 9161 324 312 782
8665 2242 8219 305 291 850
8401 2189 9034 373 289 805
9975 2603 9681 281 313 874
10067 3081 12135 411 301 1577
8941 2445 9511 323 272 1349
8315 2288 9740 348 313 1477
8665 2192 9398 278 275 1464
9370 2180 9611 289 302 1441
8374 2098 9528 369 339 1471
9184 2400 10389 332 353 1486
8516 2112 9261 329 289 1449
9024 2101 10036 303 278 1504
7815 2008 9224 289 289 1355
10701 2796 15011 457 297 371
9138 2403 11959 385 272 361
8342 2322 11633 382 283 326
8377 2357 11435 332 299 331
8648 2240 11701 406 307 356
10333 2349 13262 358 278 363
7815 2159 10994 364 291 300
17810 2218 11421 420 289 308
11002 2828 13137 323 297 315
8912 2724 12073 347 257 315
10741 2863 15402 378 317 427
9531 2245 12278 334 292 384
8471 2112 11294 341 216 335
9963 2609 13364 331 277 396
8273 2285 11488 355 283 345
8311 2159 11850 326 339 364
8514 2392 12305 358 260 378
9564 2290 11956 374 302 372
7541 1934 10925 416 269 392
8644 2141 11587 356 318 363
12994 3655 19087 748 324 577
10146 2483 12576 372 291 459
10184 2245 11902 385 278 470
8577 2221 12247 393 371 463
8647 2096 11982 404 292 459
9018 2296 12679 435 254 484
8332 2160 12191 342 318 473
8294 2225 11621 324 299 455
8596 2251 11739 380 289 484
8380 2074 11950 364 333 420
10154 2797 14861 404 324 634
8503 2203 12118 383 299 558
8377 2182 12015 379 278 527
7875 2105 11492 317 292 544
8234 2067 11139 324 269 533
9721 2832 14765 353 355 541
11319 2213 12519 372 281 590
8895 2227 12053 387 292 519
10437 2574 12830 372 293 511
9569 2184 12063 449 358 577
10946 2733 15894 408 318 902
8489 2512 12386 417 286 804
9737 2580 14328 386 299 804
8345 2252 12068 409 310 764
10033 2545 14174 395 321 765
8376 2122 12746 395 295 776
8964 2186 12809 387 318 791
8278 2117 12234 324 289 794
8353 2097 12036 355 297 780
7337 1970 11055 321 267 721
10427 2974 15850 438 324 1326
9184 2271 13835 324 310 1240
8105 2133 11954 364 272 1137
8866 2073 11919 315 278 1134
8505 2066 12522 430 353 1217
8126 2200 12690 389 296 1211
8174 2253 12867 324 278 1243
8654 2269 12835 332 293 1248
8617 2074 12707 347 329 1186
8540 2178 12563 396 344 1185
9813 2867 16689 378 337 2265
8666 2128 13774 390 297 2103
8369 2148 13894 382 273 2064
9930 2643 16366 393 343 24759
8211 2280 14298 358 336 2055
8751 2109 14503 384 353 2070
8898 2181 14492 345 307 2114
8772 2245 14323 393 299 2106
8657 2227 13982 358 278 2103
7675 2340 12696 398 349 1936
10224 2776 18439 451 384 4223
9323 2272 15839 407 294 3860
8116 2028 14734 334 278 3569
8555 2222 15131 395 268 3852
8631 2122 15249 435 334 3911
8549 2376 15123 406 315 3838
7709 2042 14264 352 304 3568
9248 2394 16186 309 257 3332
9149 2429 15914 426 299 3847
8643 2254 16409 398 328 3580
9575 2723 32750 411 308 8032
8488 2146 32098 404 262 7524
8333 2176 31938 377 307 7446
9716 2213 30665 384 320 7401
8045 2285 30356 378 291 6916
9357 2185 30453 371 261 6933
9545 2558 31716 338 313 6931
8313 2173 29597 404 315 6825
8323 11324 31867 383 263 6988
8445 2286 32499 356 318 7462
9452 2566 59043 465 404 15707
8182 2050 48701 407 301 13580
9524 2374 53852 366 266 13485
8396 2163 49243 305 318 13617
9338 2036 46768 408 285 13621
8162 2218 50268 361 332 13606
8561 2139 50981 367 286 14573
8849 2214 49025 378 258 13522
9136 2136 62186 385 344 14647
8927 2251 53618 427 324 14532
10695 2830 118731 421 395 31516
7791 1967 93598 438 342 28477
8397 1987 90769 447 347 27381
8244 2145 97935 461 335 27329
8751 2229 108857 420 361 28875
8073 2108 118619 449 318 27832
8315 2271 116520 493 327 29738
9233 2174 113190 444 298 27226
8132 2053 103892 407 332 27285
8154 2047 104324 358 315 27215
10301 2729 211839 481 356 57212
7958 2122 208255 484 338 54022
10814 2873 230755 625 348 58089
5595 1425 141697 359 218 36468
9631 2539 222845 555 366 57429
7985 1966 183027 410 313 49879
8049 1977 187120 495 338 54071
7799 2015 177830 443 357 66752
8545 2200 193124 444 377 57688
8700 2160 203502 461 342 58902
10194 2505 442051 470 329 133326
8167 2019 352533 479 338 118425
8239 2031 328448 395 347 121822
7451 2000 339485 438 334 139124
7594 1940 319305 415 345 118023
8170 2093 348520 438 309 126200
7861 1987 343948 452 349 118634
9009 1969 321532 472 297 136897
8270 2141 332998 407 326 124516
8000 1993 322802 547 302 135729
10739 2821 683860 441 361 248614
7281 1807 579053 433 284 219585
7769 2010 626173 551 277 222903
8632 1787 619402 437 276 221251
8745 1886 602944 390 344 241890
7650 1847 699207 439 287 230123
8143 2024 603113 441 294 222253
7814 2004 606217 519 283 221060
9087 2299 726717 450 361 252922
8119 1933 648488 413 326 219874
7461 1717 956070 379 324 361163
6549 1637 1089620 481 289 398210
6876 1748 1085533 513 290 412353
6657 1697 1158065 585 293 404965
7007 1764 1071238 391 261 415242
6607 1644 1084758 452 307 403818
6782 1749 1091260 417 249 400739
7229 1754 1088032 517 267 422606
6836 1724 1155918 458 298 407457
6635 1679 1096465 519 262 404858
7208 2394 2472143 393 235 693472
7204 1440 1811222 387 204 682993
6743 1491 1795210 439 246 663943
6635 1637 2186226 379 199 655030
5371 1452 1756767 441 229 662012
6781 1704 2109835 365 243 694055
5545 2028 1868584 455 231 674183
5687 1468 1804109 443 242 664551
5682 1761 1816991 455 239 655870
5675 1374 1809480 345 234 695879
6985 2120 4486860 361 212 1253628
7854 2703 3602341 338 237 1250428
6214 1963 4479887 373 297 1246736
6727 1447 3140776 337 210 1251190
5121 1367 2820961 334 191 1249417
5281 1458 2825382 312 230 1243916
6952 1740 3515706 345 220 1252041
5294 1565 3406596 306 211 1247668
5305 1465 2789880 330 226 1254533
5478 1518 3365560 328 217 1245124
7563 2211 6311157 524 189 2677281
5718 1768 6664973 350 238 2681392
6123 1765 6736862 601 213 2693543
7006 1888 6274161 444 237 2652429
6895 2092 6923976 357 264 2678185
6677 1999 6993175 678 224 2679144
6728 2097 6773209 633 224 2706004
6294 1667 6075079 468 230 2669875
7979 2271 6932017 492 286 2698885
6683 1701 6976250 523 248 2655696
10909 3688 12958957 1623 661 7739734
10499 2849 13612256 1214 423 7792801
10298 3293 13658050 1034 404 7751092
9941 2748 12948730 1188 418 7737247
10641 3624 12938872 1292 744 7733967
10239 3688 13614945 1105 385 7675319
9384 2617 13591756 934 346 7753611
9694 3069 12967083 1223 408 7769985
10480 3155 12755391 1214 417 7742698
10185 3221 13018911 1518 413 7783294
10941 3315 22726381 1061 365 13850290
11210 2971 22687306 1237 339 13798307
9202 2997 22727391 858 324 13908157
12148 3671 26588981 1717 638 16272444
12273 3554 25953040 1205 447 15833497
11369 3236 22780270 1159 676 13948154
11609 2902 22740129 1230 359 13867315
9050 2353 22675053 970 380 13875964
11919 2720 22194754 1025 358 13917985
13034 2146 22806750 984 309 13998346
11284 3520 44638884 1283 694 27820670
9543 2616 43493079 765 338 27723304
10268 3687 44104468 1262 402 27578278
10881 3271 43789624 1135 477 28071140
11942 2520 48293296 1097 544 31206846
10612 2874 43989838 1456 440 27920948
12734 3006 43828777 1220 473 27715754
10123 2841 43559631 928 631 27646734
9403 2438 43918161 911 327 27993155
11891 2925 48868223 1230 412 31345970
