9198 2522 9462 327 371 498
7971 2156 8305 358 329 450
7981 2128 8042 297 349 439
5776 1518 5655 194 202 275
8109 11870 8040 345 332 473
7815 2114 7762 302 334 468
7778 2012 7960 297 329 441
7895 2213 7783 312 335 484
8760 2202 8476 388 394 508
7874 2242 7941 337 329 430
9285 2789 10094 361 367 642
7623 2108 8016 352 354 584
7620 2045 7627 285 287 492
7873 1994 8096 334 334 601
7880 2206 8062 299 334 570
7634 2080 8225 318 350 583
8036 2136 8018 299 351 608
5894 2151 6236 217 254 427
7706 2104 8155 347 337 566
7408 1925 7520 298 310 591
9675 2402 9940 321 367 935
7941 2211 8446 363 346 898
7655 2109 8347 305 329 891
7945 2101 8319 301 332 882
8322 2243 8796 309 334 922
7802 2029 8237 294 342 941
8606 2104 8237 321 334 885
7674 2186 8046 355 333 863
7641 2179 8391 344 335 863
7741 2217 8331 343 339 861
9439 2452 10585 377 338 1627
8216 2314 9556 304 329 1475
8124 2090 8999 385 336 1518
8449 2144 9202 321 334 1459
7697 2082 8831 337 350 1507
7885 2222 8969 358 331 1457
8705 2148 8883 307 353 1471
7532 2148 9270 326 339 1521
7968 2242 8839 355 329 1470
9057 2539 10010 341 368 1584
9388 2409 13365 401 365 321
7631 2136 11311 415 331 297
7685 2104 10742 390 390 321
8481 2313 11963 406 383 300
7140 1948 10408 356 329 278
7893 2248 11295 422 326 334
7883 2087 11081 358 351 286
7768 1949 10905 366 390 273
7844 2237 11036 404 353 297
7540 2111 10929 401 349 281
9352 2669 12967 441 405 384
8841 2122 11434 374 339 367
7834 2205 10859 444 329 385
8124 2099 11805 341 303 298
8500 2282 13150 448 461 364
8500 2422 11998 427 364 377
7652 2173 10988 390 339 327
10593 2334 24502 418 435 329
8157 2304 11747 401 373 337
8603 2127 11125 381 358 348
9184 2643 13939 404 398 438
7872 2109 11001 424 393 406
8930 2533 13361 427 401 445
8517 2266 28159 501 541 431
7428 2047 10986 358 398 374
7590 2074 11252 425 372 395
7604 2090 11157 361 334 380
8513 2379 12460 409 369 406
7890 2180 19285 372 317 370
8075 2149 11293 390 377 409
9035 2793 13625 384 378 487
7791 2154 11060 406 396 515
7727 2185 11284 409 374 545
7437 2127 11234 387 366 498
8537 2283 12506 447 291 513
7692 2194 11453 378 376 497
7679 2071 11111 406 369 484
7470 2154 11367 377 352 492
8523 2082 11384 372 326 470
7506 2042 11074 390 344 481
10705 2539 13712 387 384 779
7815 2074 11681 419 331 690
7781 2143 11466 348 331 711
7719 2052 11376 368 326 692
7925 2085 11950 377 356 710
7744 2136 11392 355 329 679
7746 2066 11590 415 374 689
8011 2264 11635 364 331 671
7665 2002 11449 407 352 708
8149 2265 12706 427 357 732
5814 6094 9109 253 197 662
7861 2130 12175 414 329 1131
7618 2170 11859 393 345 1136
7647 2090 12156 384 334 1115
8603 2355 13334 495 361 1300
9267 2481 13597 358 336 1116
8239 2282 13113 396 355 1117
8272 2101 13061 428 404 1269
7810 2210 12346 372 344 1168
7615 2002 11830 398 368 1136
9101 2432 16094 381 425 2248
7676 2100 12974 390 329 2066
9041 2436 14955 414 367 2279
8615 2427 14404 384 329 2039
7829 2050 13214 393 375 2108
7680 2039 13129 385 348 2047
7522 2157 13113 398 329 2082
7789 2147 13022 385 331 2114
7612 2144 21626 425 391 2099
7767 1874 12918 398 352 2069
9713 2412 18075 444 405 4353
7962 2176 15152 381 338 4055
7773 2189 15181 417 331 3964
8152 2531 16157 374 374 4025
15083 2122 15812 399 335 4049
8074 2083 15369 425 329 4111
8107 2095 15174 449 334 4014
8775 2431 15556 395 327 4047
7895 2102 15526 419 337 4022
8548 2309 16281 423 348 4003
10010 2406 29609 464 375 10420
7882 2162 26223 387 360 9459
7984 2037 26592 396 301 9460
8767 2325 27317 393 342 9521
7698 2133 26330 383 398 9491
7781 2045 27855 385 371 9508
8989 2108 27595 414 358 9510
7976 2278 26404 395 398 9505
8872 2726 28939 406 393 9582
8299 2168 26616 364 345 9469
8964 2135 48737 379 337 19199
7792 2125 48357 393 361 19250
7763 2071 47611 386 339 19159
8160 2210 48958 478 411 18996
7966 2416 48606 383 356 19105
7684 1964 47953 374 377 18982
8106 2157 48432 409 342 26314
8556 2350 47560 425 337 19242
7748 2208 47768 409 334 19143
7626 2057 47443 377 350 19041
9499 2646 90599 435 377 38736
7300 1909 76190 430 315 32944
7721 2109 80549 439 422 35780
7844 1981 83025 354 349 31011
7895 2065 77376 396 346 33013
8104 2194 80841 447 382 36106
7807 2012 81076 372 420 35787
7874 2181 80944 417 419 35397
8059 2135 81097 465 360 35145
7468 1996 76064 378 349 32620
8409 2033 168924 400 424 73759
7815 2076 175964 395 352 74241
7750 2065 162364 384 335 73535
7248 1945 177354 444 369 74008
7517 1993 167104 414 373 74038
7371 1996 165092 430 393 73913
7848 2031 164778 476 403 88060
7377 2163 161863 456 357 85851
7252 2064 158446 453 324 74501
7140 2079 151954 428 389 73507
8219 2022 285289 441 372 117316
7251 1997 281441 410 338 117973
8564 2180 304036 390 333 117552
8339 2056 318687 470 332 116760
7377 2093 300377 426 371 117930
7629 1974 281042 482 324 117574
7399 2005 297579 416 335 116960
8615 1904 303847 430 338 118284
7117 1950 280715 426 335 124474
8294 2064 301179 478 355 118078
8329 2162 556485 444 430 242475
6771 1967 513012 454 352 226932
6753 1653 512169 443 332 227149
6680 1851 505377 403 332 232798
6960 1957 509051 413 388 226553
6774 1794 510604 370 323 233470
6894 1907 504671 425 372 234872
7023 2130 520483 368 314 226472
6874 1958 512462 434 330 226907
6912 2023 505399 374 312 233533
8750 2070 994495 433 313 430781
6304 1648 890408 386 326 399223
6078 1633 889960 385 321 398428
6193 1677 902876 392 328 401210
6068 1715 945480 410 294 398612
6662 1654 924113 488 308 401618
7372 1657 944245 358 282 398960
5915 1675 896370 359 315 381389
6954 1753 945488 349 307 404733
7056 1631 941529 377 315 399309
6721 1726 1911030 335 263 684538
16522 1453 1631303 341 242 686499
5351 1363 1634185 329 255 681487
5620 2135 1836011 365 276 675753
5178 1447 1485797 384 264 651652
5103 1348 1461920 332 268 651780
5356 1480 1628959 341 285 678697
5083 1387 1548945 357 281 646227
5484 1496 1524273 332 324 684916
5400 1469 1486874 329 268 654556
5923 1532 3590530 450 239 1241384
5314 1494 3078516 350 237 1253094
4942 1247 3047913 345 238 1256901
5952 1844 3390418 408 239 1243297
5151 1353 3128059 295 246 1249169
5015 1345 3039741 372 256 1243601
7722 1274 2866213 348 233 1255111
4996 1518 2850071 338 253 1253719
4960 1212 3032171 313 230 1239514
4761 1361 2859465 304 219 1248979
6323 1771 5844153 572 297 2521093
6285 1772 5426312 472 237 2508867
7512 2109 5865617 337 255 2512777
7249 1602 5837260 361 257 2512023
5706 1915 5400299 309 238 2506286
5931 1735 5506789 434 228 2530858
6224 1642 5569888 333 237 2515853
6647 1846 5645242 640 246 2517077
6768 1507 5846206 341 241 2515624
6232 1919 5548917 353 257 2517201
8027 2312 10845678 1030 415 6324142
10045 2028 10897153 1013 419 6439969
9245 2396 10994060 1240 373 6321238
8569 2478 10817983 1025 417 6296795
8184 2327 10831284 811 401 6302789
8288 2594 10812456 1282 392 6307687
8184 2345 10819454 932 372 6320364
10053 2155 10861502 899 754 6346448
9571 2912 10784469 1318 319 6302007
8840 2261 10824386 979 344 6351285
9274 2184 19011749 980 354 11657050
9276 2234 19007084 951 337 11749625
9013 2362 19151572 1245 407 11830123
9220 2435 18865942 947 405 11626956
9313 2892 19105578 1208 391 11776031
11774 2457 19035906 981 353 11731252
9600 2219 19127547 1080 347 11868064
9442 2270 19094112 980 332 11733739
8266 2506 19224150 932 445 11744224
9270 2419 19160078 998 331 11870108
9556 2327 38155583 979 404 24862616
9728 2327 37330007 1268 333 24341678
9498 2460 37675442 1045 428 24905354
9740 2225 37714461 1207 500 24594579
9647 2609 37813697 1062 359 24960033
12241 2672 40108283 1152 348 26816866
8579 2439 37259854 1009 396 24586317
10016 2803 37626060 1349 573 24825082
10217 2510 37748307 967 373 24778593
9133 2315 37409101 1107 323 24626126
