778 1065 676 1070 661 
783 986 629 1045 639 
661 913 559 925 653 
692 962 588 963 688 
761 972 589 980 671 
740 976 660 1062 703 
703 1002 613 982 601 
748 997 647 992 676 
639 1002 615 982 598 
794 994 599 983 607 
715 1039 1223 1143 1269 
666 950 1031 1048 1061 
598 959 1040 1055 1050 
842 968 1194 1025 1199 
566 967 1151 972 1187 
636 967 1059 1051 1042 
666 1065 1133 1086 1154 
775 1066 1223 1152 1203 
711 965 1037 1045 1022 
765 962 1142 1072 1176 
788 1049 1440 1095 1460 
661 981 1321 1055 1369 
690 971 1344 902 1260 
579 978 1342 1023 1352 
761 962 1421 1048 1334 
722 978 1345 1066 1368 
842 981 1331 1075 1317 
722 968 1296 1069 1286 
703 957 1320 962 1337 
727 978 1310 994 1334 
865 1046 2897 1069 2950 
729 1008 2660 1015 2644 
716 975 2665 1045 2698 
716 997 2707 1042 2787 
703 986 2672 1034 2743 
729 978 2674 978 2769 
736 982 2664 965 2681 
673 976 2678 1042 2684 
596 1005 2662 1075 2635 
651 975 2657 1064 2668 
892 1103 5610 1163 5650 
721 987 5166 1059 5177 
665 1000 5156 1080 5218 
746 983 5202 988 5154 
647 984 5167 1051 5236 
655 967 5161 1051 5172 
677 965 5174 1026 5163 
604 955 5161 985 5186 
701 991 5206 1058 5212 
737 957 5187 1056 5439 
808 1059 11463 1146 11524 
593 980 10689 1055 10727 
780 981 10597 1060 10641 
708 990 10581 1077 10625 
731 997 10582 1005 10734 
700 968 10920 1039 10614 
585 922 9838 972 9866 
573 976 10587 1023 10628 
779 930 20266 988 9936 
754 994 10601 1000 10708 
842 1046 575 1066 524 
776 989 529 984 473 
810 965 524 991 481 
805 970 561 973 464 
722 1016 529 1061 452 
722 957 516 1051 526 
741 979 518 1058 516 
736 983 505 1002 401 
759 920 489 1005 418 
813 971 548 1051 510 
772 1036 885 1089 759 
743 991 807 1040 714 
703 976 759 1028 708 
792 986 826 1051 714 
730 983 796 1043 761 
744 1021 818 1051 799 
802 973 837 1051 767 
730 1020 816 1074 762 
820 968 823 1042 732 
759 986 788 1050 722 
625 885 1054 979 1025 
647 965 1179 1013 1037 
770 952 1131 1045 1074 
749 976 1138 1043 1080 
629 960 1150 976 1109 
696 973 1131 1056 1106 
679 983 1110 1067 1082 
658 983 1165 1026 1067 
716 1027 1162 1066 1069 
698 988 1133 1072 1048 
835 1086 2138 1059 2092 
781 957 1887 1071 1930 
783 977 1890 1074 1911 
770 973 1868 1019 1884 
636 965 1922 1066 1978 
734 979 1885 994 1967 
714 1000 1921 986 1860 
756 981 1890 1000 1884 
693 985 1874 1065 2021 
740 983 1866 1035 1866 
719 867 2978 898 3016 
791 979 3437 1054 3499 
732 1011 3387 913 3340 
717 976 3408 1095 3665 
781 962 3378 1005 3367 
710 965 3383 1051 3503 
704 973 3411 1070 3517 
716 965 3405 1056 27742 
639 970 3382 1048 3459 
695 997 3410 978 3472 
839 1058 7460 1159 7542 
687 967 6821 1082 6893 
801 905 6352 985 6560 
778 978 6872 1054 6973 
685 994 6749 1077 7059 
667 983 6797 1052 7016 
796 994 6789 1059 7198 
849 980 6798 1050 7223 
744 962 6848 1048 6992 
802 979 6831 1056 6853 
805 1062 13692 1146 13849 
719 979 12634 1021 12630 
698 922 11735 954 11976 
749 905 11744 973 11825 
976 1000 12915 1051 12731 
808 978 31929 1046 13251 
778 981 22861 1054 12945 
704 835 10997 913 11335 
799 959 12638 1051 12621 
756 899 20808 994 12059 
995 1092 29165 1146 38161 
885 928 24654 993 36470 
636 903 24526 968 35717 
801 913 25084 983 35880 
871 978 26717 1074 36891 
773 911 25682 967 36427 
823 979 26865 1055 54436 
704 914 24583 980 34537 
742 945 24202 1062 42802 
784 963 24715 1014 34927 
885 1119 55104 1137 90846 
860 979 50575 1176 77983 
822 962 47553 1008 77359 
816 979 47444 999 83877 
839 1026 50934 1085 92868 
874 1018 51394 1042 91869 
685 905 57324 972 79945 
758 951 48122 1005 84361 
847 997 50674 1088 88562 
507 623 32222 674 65360 
944 1067 107821 1123 177078 
872 971 110982 1074 187601 
915 982 101123 1073 188054 
948 972 102150 1043 193894 
859 988 101867 979 169615 
822 962 118135 963 174271 
916 966 101599 1120 174417 
817 1016 102076 1056 167957 
826 945 100641 1051 168543 
783 1029 108996 1128 173553 
914 1037 208167 1050 383550 
749 884 173862 901 281621 
898 1009 175127 929 283283 
795 904 174319 931 285040 
567 654 118027 671 234838 
807 971 188470 1000 303562 
824 937 173877 984 294638 
696 934 193036 987 300789 
858 1007 182767 920 290295 
764 887 173194 949 324330 
970 951 396977 1067 772889 
859 893 361985 1047 606152 
862 889 373644 1002 599458 
821 884 365959 1000 605831 
787 849 336820 846 574165 
737 832 355847 950 563689 
709 857 338141 862 560831 
766 940 343978 928 567581 
774 840 356148 865 604564 
744 842 357235 926 565688 
767 844 835854 862 1539648 
701 791 778383 744 1242467 
758 793 784624 842 1287237 
647 748 748508 780 1318356 
735 788 781915 849 1219442 
873 788 789780 873 1206889 
791 787 784189 859 1155005 
637 790 803237 851 1144410 
794 781 791455 912 1206025 
756 798 787297 863 1243302 
780 657 1346277 684 2274247 
582 663 1336469 740 2055384 
698 644 1279557 729 1955381 
668 634 1278923 672 1961996 
733 630 1274168 724 2109593 
682 637 1277176 680 1962535 
619 690 1334148 704 2045552 
683 643 1279012 641 1964563 
619 681 1342071 698 2050751 
625 633 1277403 733 1969622 
627 614 2441212 704 4460149 
580 612 2438478 675 3786778 
572 613 2444411 620 3791505 
570 603 2434521 614 4452568 
616 614 2446966 649 3743169 
653 612 2453147 658 4147986 
606 627 2444433 684 3961784 
670 634 2442947 691 3780509 
574 611 2444792 672 3777888 
563 636 2450726 688 3863723 
578 607 4918752 623 9011698 
641 683 4929559 643 8761614 
635 656 4915408 640 8613598 
598 600 4925092 649 8601574 
687 605 4925924 694 8617972 
670 603 4921100 645 8975279 
603 598 4917679 629 8672459 
589 612 4906131 623 8713934 
610 614 4921446 669 8710152 
645 605 4925829 691 8639748 
1204 860 11207078 718 15941245 
911 673 11187743 710 17973525 
1199 687 11147952 795 17302986 
1181 809 11176952 874 18822156 
1163 926 11159007 758 16652872 
1205 801 11146172 1172 17973160 
1795 816 11164319 859 17498476 
884 857 11142136 864 18004951 
1044 796 11137958 1156 17274793 
1073 1019 11123974 833 17965828 
1478 723 19843218 895 28027126 
1145 787 19867681 874 28981777 
1898 966 19842571 712 28905038 
1109 712 19876843 1051 28188918 
1152 820 19916505 863 28758996 
1546 866 19864406 890 28106871 
1191 916 19839850 896 28749078 
1164 740 19822988 578 28078727 
1040 655 19799083 805 28502181 
1250 951 19909419 851 28066255 
1191 911 39468904 959 53046775 
1207 772 39580212 749 53065311 
1354 816 39468619 583 53792579 
1026 1050 39460215 846 53958516 
1168 1034 39226405 582 53371692 
1593 810 39550018 878 53029307 
1161 1296 39438168 898 53693817 
1171 1061 39392401 906 53690698 
1354 909 39458192 857 53682711 
1009 731 39453916 591 53081323 
